0
0
0
0
0
0
0
0
0
0
0.33284563
0.2223402
0.14862091
0.20945939
0.21373587
0.19254039
0.19793265
0.20299463
0.19974867
0.19915733
0.2003116
0.20016212
0.19986896
0.19998774
0.20003829
0.19999442
0.19999149
0.20000316
0.2000014
0.199999
0.19999987
0.20000024
0.19999999
0.19999995
0.20000001
0.20000001
0.2
0.2
0.2
0.2
0.2
0.2
0.2
0.2
0.2
0.2
0.2
0.2
0.2
0.2
0.2
0.2
0.2
0.2
0.2
0.2
0.2
0.2
0.2
0.2
0.2
0.2
0.2
0.2
0.2
0.2
0.2
0.2
0.2
0.2
0.2
0.2
0.2
0.2
0.2
0.2
0.2
0.2
0.2
0.2
0.2
0.2
0.2
0.2
0.2
0.2
0.2
0.2
0.2
0.2
0.2
0.2
0.2
0.2
0.2
0.2
0.2
0.2
0.2
0.2
0.2
0.2
0.2
0.2
0.2
0.2
0.2
0.2
0.2
0.2
0.2
0.2
0.2
0.2
0.2
0.2
0.2
0.2
0.2
0.2
0.2
0.2
0.2
0.2
0.2
0.2
0.2
0.2
0.2
0.2
0.2
0.2
0.2
0.2
0.2
0.2
0.2
0.2
0.2
0.2
0.2
0.2
0.2
0.2
0.2
0.2
0.2
0.2
0.2
0.2
0.2
0.2
0.2
0.2
0.2
0.2
0.2
0.2
0.2
0.2
0.2
0.2
0.2
0.2
0.2
0.2
0.2
0.2
0.2
0.20000001
0.20000001
0.19999995
0.19999999
0.20000024
0.19999987
0.199999
0.2000014
0.20000316
0.19999149
0.19999442
0.20003829
0.19998774
0.19986896
0.20016212
0.2003116
0.19915733
0.19974867
0.20299463
0.19793265
0.19254039
0.21373587
0.20945939
0.14862091
0.2223402
0.33284563
0
0
0
0
0
0
0
0
0
0
0
0
0
